# Created by Octave 3.8.1, Sat Jul 05 22:19:37 2014 BRT <beltzac@Glados>
# name: cc
# type: scalar struct
# ndims: 2
 1 1
# length: 5
# name: datatype
# type: sq_string
# elements: 1
# length: 26
classifier:statistical:lda


# name: Labels
# type: range
# base, limit, increment
1 5 1


# name: MD
# type: matrix
# ndims: 3
 17 17 5
 43
 11008
 11008
 11008
 11008
 11008
 11008
 11008
 11008
 11008
 11008
 11008
 11008
 11008
 11008
 11008
 11008
 11008
 2818048
 2818048
 2818048
 2818048
 2818048
 2818048
 2818048
 2818048
 2818048
 2818048
 2818048
 2818048
 2818048
 2818048
 2818048
 2818048
 11008
 2818048
 2818048
 2818048
 2818048
 2818048
 2818048
 2818048
 2818048
 2818048
 2818048
 2818048
 2818048
 2818048
 2818048
 2818048
 2818048
 11008
 2818048
 2818048
 2818048
 2818048
 2818048
 2818048
 2818048
 2818048
 2818048
 2818048
 2818048
 2818048
 2818048
 2818048
 2818048
 2818048
 11008
 2818048
 2818048
 2818048
 2818048
 2818048
 2818048
 2818048
 2818048
 2818048
 2818048
 2818048
 2818048
 2818048
 2818048
 2818048
 2818048
 11008
 2818048
 2818048
 2818048
 2818048
 2818048
 2818048
 2818048
 2818048
 2818048
 2818048
 2818048
 2818048
 2818048
 2818048
 2818048
 2818048
 11008
 2818048
 2818048
 2818048
 2818048
 2818048
 2818048
 2818048
 2818048
 2818048
 2818048
 2818048
 2818048
 2818048
 2818048
 2818048
 2818048
 11008
 2818048
 2818048
 2818048
 2818048
 2818048
 2818048
 2818048
 2818048
 2818048
 2818048
 2818048
 2818048
 2818048
 2818048
 2818048
 2818048
 11008
 2818048
 2818048
 2818048
 2818048
 2818048
 2818048
 2818048
 2818048
 2818048
 2818048
 2818048
 2818048
 2818048
 2818048
 2818048
 2818048
 11008
 2818048
 2818048
 2818048
 2818048
 2818048
 2818048
 2818048
 2818048
 2818048
 2818048
 2818048
 2818048
 2818048
 2818048
 2818048
 2818048
 11008
 2818048
 2818048
 2818048
 2818048
 2818048
 2818048
 2818048
 2818048
 2818048
 2818048
 2818048
 2818048
 2818048
 2818048
 2818048
 2818048
 11008
 2818048
 2818048
 2818048
 2818048
 2818048
 2818048
 2818048
 2818048
 2818048
 2818048
 2818048
 2818048
 2818048
 2818048
 2818048
 2818048
 11008
 2818048
 2818048
 2818048
 2818048
 2818048
 2818048
 2818048
 2818048
 2818048
 2818048
 2818048
 2818048
 2818048
 2818048
 2818048
 2818048
 11008
 2818048
 2818048
 2818048
 2818048
 2818048
 2818048
 2818048
 2818048
 2818048
 2818048
 2818048
 2818048
 2818048
 2818048
 2818048
 2818048
 11008
 2818048
 2818048
 2818048
 2818048
 2818048
 2818048
 2818048
 2818048
 2818048
 2818048
 2818048
 2818048
 2818048
 2818048
 2818048
 2818048
 11008
 2818048
 2818048
 2818048
 2818048
 2818048
 2818048
 2818048
 2818048
 2818048
 2818048
 2818048
 2818048
 2818048
 2818048
 2818048
 2818048
 11008
 2818048
 2818048
 2818048
 2818048
 2818048
 2818048
 2818048
 2818048
 2818048
 2818048
 2818048
 2818048
 2818048
 2818048
 2818048
 2818048
 16
 3660
 3817
 2630
 2123
 2192
 2132
 1973
 3838
 1214
 1715
 2020
 4078
 3633
 3208
 1621
 1696
 3660
 903056
 876288
 584996
 479148
 527208
 479068
 457584
 885796
 304308
 388400
 462880
 934656
 896060
 738044
 360932
 376400
 3817
 876288
 912593
 632410
 506210
 529934
 510920
 467750
 911104
 288529
 409792
 485633
 973086
 869578
 758239
 381371
 407473
 2630
 584996
 632410
 459246
 350293
 374863
 363416
 310994
 609927
 184019
 285506
 345989
 670438
 579550
 498852
 250536
 295882
 2123
 479148
 506210
 350293
 284895
 288043
 283482
 260933
 509323
 159419
 228517
 268325
 540919
 476085
 426418
 216342
 226078
 2192
 527208
 529934
 374863
 288043
 333008
 299967
 261337
 510040
 167190
 237584
 291654
 559979
 521679
 411702
 197084
 244074
 2132
 479068
 510920
 363416
 283482
 299967
 293420
 257024
 499441
 156118
 229368
 276161
 543416
 474915
 412971
 207941
 236017
 1973
 457584
 467750
 310994
 260933
 261337
 257024
 250971
 483669
 158218
 208904
 241361
 502709
 454624
 411824
 210504
 200787
 3838
 885796
 911104
 609927
 509323
 510040
 499441
 483669
 939102
 301177
 409025
 472184
 977920
 880423
 795119
 404810
 391757
 1214
 304308
 288529
 184019
 159419
 167190
 156118
 158218
 301177
 111550
 124570
 147227
 309881
 303054
 260158
 130639
 118185
 1715
 388400
 409792
 285506
 228517
 237584
 229368
 208904
 409025
 124570
 187255
 219097
 437056
 384898
 337320
 168936
 185396
 2020
 462880
 485633
 345989
 268325
 291654
 276161
 241361
 472184
 147227
 219097
 265392
 515338
 458874
 385196
 189606
 225232
 4078
 934656
 973086
 670438
 540919
 559979
 543416
 502709
 977920
 309881
 437056
 515338
 1039466
 927760
 816913
 412188
 432478
 3633
 896060
 869578
 579550
 476085
 521679
 474915
 454624
 880423
 303054
 384898
 458874
 927760
 889855
 734714
 359372
 372746
 3208
 738044
 758239
 498852
 426418
 411702
 412971
 411824
 795119
 260158
 337320
 385196
 816913
 734714
 685768
 355803
 317487
 1621
 360932
 381371
 250536
 216342
 197084
 207941
 210504
 404810
 130639
 168936
 189606
 412188
 359372
 355803
 191143
 156659
 1696
 376400
 407473
 295882
 226078
 244074
 236017
 200787
 391757
 118185
 185396
 225232
 432478
 372746
 317487
 156659
 196610
 39
 7881
 2925
 2522
 7873
 4517
 9379
 9284
 4313
 6204
 9984
 9984
 6470
 5782
 9955
 9984
 6906
 7881
 1628019
 592634
 523383
 1594997
 931194
 1895687
 1865860
 869147
 1283434
 2017536
 2017536
 1301261
 1193817
 2015032
 2017536
 1385843
 2925
 592634
 250651
 211421
 590135
 335848
 689427
 684063
 332308
 454076
 748800
 748800
 482890
 427949
 745457
 748800
 519952
 2522
 523383
 211421
 189050
 514010
 297150
 596057
 585924
 284196
 406078
 645632
 645632
 415469
 379739
 644243
 645632
 445310
 7873
 1594997
 590135
 514010
 1600075
 913877
 1893584
 1870805
 869839
 1258548
 2015488
 2015488
 1305296
 1171094
 2010179
 2015488
 1391820
 4517
 931194
 335848
 297150
 913877
 538171
 1090759
 1072760
 498185
 738769
 1156352
 1156352
 745875
 685660
 1155141
 1156352
 794013
 9379
 1895687
 689427
 596057
 1893584
 1090759
 2265537
 2240301
 1034274
 1499963
 2401024
 2401024
 1556203
 1396303
 2394864
 2401024
 1658978
 9284
 1865860
 684063
 585924
 1870805
 1072760
 2240301
 2221694
 1024670
 1472635
 2376704
 2376704
 1542099
 1372950
 2369380
 2376704
 1645105
 4313
 869147
 332308
 284196
 869839
 498185
 1034274
 1024670
 481933
 682299
 1104128
 1104128
 715351
 637292
 1100421
 1104128
 765187
 6204
 1283434
 454076
 406078
 1258548
 738769
 1499963
 1472635
 682299
 1024132
 1588224
 1588224
 1025478
 947005
 1587312
 1588224
 1089969
 9984
 2017536
 748800
 645632
 2015488
 1156352
 2401024
 2376704
 1104128
 1588224
 2555904
 2555904
 1656320
 1480192
 2548480
 2555904
 1767936
 9984
 2017536
 748800
 645632
 2015488
 1156352
 2401024
 2376704
 1104128
 1588224
 2555904
 2555904
 1656320
 1480192
 2548480
 2555904
 1767936
 6470
 1301261
 482890
 415469
 1305296
 745875
 1556203
 1542099
 715351
 1025478
 1656320
 1656320
 1076642
 955274
 1651012
 1656320
 1148936
 5782
 1193817
 427949
 379739
 1171094
 685660
 1396303
 1372950
 637292
 947005
 1480192
 1480192
 955274
 880862
 1478812
 1480192
 1016331
 9955
 2015032
 745457
 644243
 2010179
 1155141
 2394864
 2369380
 1100421
 1587312
 2548480
 2548480
 1651012
 1478812
 2541477
 2548480
 1761759
 9984
 2017536
 748800
 645632
 2015488
 1156352
 2401024
 2376704
 1104128
 1588224
 2555904
 2555904
 1656320
 1480192
 2548480
 2555904
 1767936
 6906
 1385843
 519952
 445310
 1391820
 794013
 1658978
 1645105
 765187
 1089969
 1767936
 1767936
 1148936
 1016331
 1761759
 1767936
 1228590
 43
 7755
 3480
 3356
 8630
 5196
 10047
 10231
 5038
 6604
 11008
 8967
 7087
 6649
 10991
 4112
 2641
 7755
 1450531
 607391
 593207
 1552773
 964201
 1837690
 1856336
 910258
 1230288
 1985280
 1614738
 1271635
 1237039
 1982160
 727521
 476291
 3480
 607391
 350666
 327420
 726213
 396408
 748715
 784714
 408059
 490285
 890880
 740518
 574123
 492666
 889433
 351742
 223739
 3356
 593207
 327420
 312846
 699467
 388950
 733654
 761706
 394647
 484151
 859136
 712486
 551663
 487651
 857712
 335230
 217071
 8630
 1552773
 726213
 699467
 1756188
 1033895
 1991201
 2032104
 1008910
 1310569
 2209280
 1808084
 1421380
 1317857
 2206039
 833838
 538626
 5196
 964201
 396408
 388950
 1033895
 652470
 1240009
 1250831
 611171
 829707
 1330176
 1078541
 852644
 834411
 1328351
 485564
 317314
 10047
 1837690
 748715
 733654
 1991201
 1240009
 2411671
 2431279
 1178721
 1590131
 2572032
 2081769
 1653239
 1602435
 2568160
 940159
 608716
 10231
 1856336
 784714
 761706
 2032104
 1250831
 2431279
 2465377
 1198854
 1595453
 2619136
 2124015
 1685987
 1607965
 2615066
 967721
 621608
 5038
 910258
 408059
 394647
 1008910
 611171
 1178721
 1198854
 594278
 776474
 1289728
 1050090
 828944
 783190
 1287770
 479317
 309620
 6604
 1230288
 490285
 484151
 1310569
 829707
 1590131
 1595453
 776474
 1070542
 1690624
 1367371
 1083971
 1075800
 1688122
 609022
 399543
 11008
 1985280
 890880
 859136
 2209280
 1330176
 2572032
 2619136
 1289728
 1690624
 2818048
 2295552
 1814272
 1702144
 2813696
 1052672
 676096
 8967
 1614738
 740518
 712486
 1808084
 1078541
 2081769
 2124015
 1050090
 1367371
 2295552
 1875779
 1476674
 1376502
 2292011
 862550
 554725
 7087
 1271635
 574123
 551663
 1421380
 852644
 1653239
 1685987
 828944
 1083971
 1814272
 1476674
 1171343
 1091565
 1811444
 679424
 433486
 6649
 1237039
 492666
 487651
 1317857
 834411
 1602435
 1607965
 783190
 1075800
 1702144
 1376502
 1091565
 1084519
 1699451
 613071
 403279
 10991
 1982160
 889433
 857712
 2206039
 1328351
 2568160
 2615066
 1287770
 1688122
 2813696
 2292011
 1811444
 1699451
 2809453
 1051152
 675079
 4112
 727521
 351742
 335230
 833838
 485564
 940159
 967721
 479317
 609022
 1052672
 862550
 679424
 613071
 1051152
 407438
 257762
 2641
 476291
 223739
 217071
 538626
 317314
 608716
 621608
 309620
 399543
 676096
 554725
 433486
 403279
 675079
 257762
 170767
 19
 2971
 4864
 4864
 4848
 2198
 3577
 3573
 3713
 1468
 2270
 2349
 2446
 2988
 4864
 4861
 4864
 2971
 499651
 760576
 760576
 757431
 367904
 564974
 563137
 589376
 241458
 349817
 362123
 378595
 499238
 760576
 760069
 760576
 4864
 760576
 1245184
 1245184
 1241088
 562688
 915712
 914688
 950528
 375808
 581120
 601344
 626176
 764928
 1245184
 1244416
 1245184
 4864
 760576
 1245184
 1245184
 1241088
 562688
 915712
 914688
 950528
 375808
 581120
 601344
 626176
 764928
 1245184
 1244416
 1245184
 4848
 757431
 1241088
 1241088
 1237218
 560265
 912255
 911254
 946756
 374785
 579582
 599717
 624661
 762034
 1241088
 1240320
 1241088
 2198
 367904
 562688
 562688
 560265
 272970
 421086
 419520
 438849
 176034
 255389
 264474
 276013
 366454
 562688
 562364
 562688
 3577
 564974
 915712
 915712
 912255
 421086
 683593
 681137
 707183
 273333
 416751
 432380
 450913
 565452
 915712
 915217
 915712
 3573
 563137
 914688
 914688
 911254
 419520
 681137
 680365
 706181
 272224
 416823
 431766
 449733
 563831
 914688
 914208
 914688
 3713
 589376
 950528
 950528
 946756
 438849
 707183
 706181
 736427
 284792
 434207
 449310
 466718
 589194
 950528
 950081
 950528
 1468
 241458
 375808
 375808
 374785
 176034
 273333
 272224
 284792
 122770
 179721
 186020
 194990
 243441
 375808
 375499
 375808
 2270
 349817
 581120
 581120
 579582
 255389
 416751
 416823
 434207
 179721
 285940
 294585
 306259
 354445
 581120
 580700
 581120
 2349
 362123
 601344
 601344
 599717
 264474
 432380
 431766
 449310
 186020
 294585
 305239
 316862
 367010
 601344
 600882
 601344
 2446
 378595
 626176
 626176
 624661
 276013
 450913
 449733
 466718
 194990
 306259
 316862
 331502
 384415
 626176
 625678
 626176
 2988
 499238
 764928
 764928
 762034
 366454
 565452
 563831
 589194
 243441
 354445
 367010
 384415
 500864
 764928
 764373
 764928
 4864
 760576
 1245184
 1245184
 1241088
 562688
 915712
 914688
 950528
 375808
 581120
 601344
 626176
 764928
 1245184
 1244416
 1245184
 4861
 760069
 1244416
 1244416
 1240320
 562364
 915217
 914208
 950081
 375499
 580700
 600882
 625678
 764373
 1244416
 1243657
 1244416
 4864
 760576
 1245184
 1245184
 1241088
 562688
 915712
 914688
 950528
 375808
 581120
 601344
 626176
 764928
 1245184
 1244416
 1245184


# name: NN
# type: matrix
# ndims: 3
 17 17 5
 43
 43
 43
 43
 43
 43
 43
 43
 43
 43
 43
 43
 43
 43
 43
 43
 43
 43
 43
 43
 43
 43
 43
 43
 43
 43
 43
 43
 43
 43
 43
 43
 43
 43
 43
 43
 43
 43
 43
 43
 43
 43
 43
 43
 43
 43
 43
 43
 43
 43
 43
 43
 43
 43
 43
 43
 43
 43
 43
 43
 43
 43
 43
 43
 43
 43
 43
 43
 43
 43
 43
 43
 43
 43
 43
 43
 43
 43
 43
 43
 43
 43
 43
 43
 43
 43
 43
 43
 43
 43
 43
 43
 43
 43
 43
 43
 43
 43
 43
 43
 43
 43
 43
 43
 43
 43
 43
 43
 43
 43
 43
 43
 43
 43
 43
 43
 43
 43
 43
 43
 43
 43
 43
 43
 43
 43
 43
 43
 43
 43
 43
 43
 43
 43
 43
 43
 43
 43
 43
 43
 43
 43
 43
 43
 43
 43
 43
 43
 43
 43
 43
 43
 43
 43
 43
 43
 43
 43
 43
 43
 43
 43
 43
 43
 43
 43
 43
 43
 43
 43
 43
 43
 43
 43
 43
 43
 43
 43
 43
 43
 43
 43
 43
 43
 43
 43
 43
 43
 43
 43
 43
 43
 43
 43
 43
 43
 43
 43
 43
 43
 43
 43
 43
 43
 43
 43
 43
 43
 43
 43
 43
 43
 43
 43
 43
 43
 43
 43
 43
 43
 43
 43
 43
 43
 43
 43
 43
 43
 43
 43
 43
 43
 43
 43
 43
 43
 43
 43
 43
 43
 43
 43
 43
 43
 43
 43
 43
 43
 43
 43
 43
 43
 43
 43
 43
 43
 43
 43
 43
 43
 43
 43
 43
 43
 43
 43
 43
 43
 43
 43
 43
 43
 43
 43
 43
 43
 43
 43
 43
 43
 43
 43
 43
 43
 43
 43
 43
 43
 43
 16
 16
 16
 16
 16
 16
 16
 16
 16
 16
 16
 16
 16
 16
 16
 16
 16
 16
 16
 16
 16
 16
 16
 16
 16
 16
 16
 16
 16
 16
 16
 16
 16
 16
 16
 16
 16
 16
 16
 16
 16
 16
 16
 16
 16
 16
 16
 16
 16
 16
 16
 16
 16
 16
 16
 16
 16
 16
 16
 16
 16
 16
 16
 16
 16
 16
 16
 16
 16
 16
 16
 16
 16
 16
 16
 16
 16
 16
 16
 16
 16
 16
 16
 16
 16
 16
 16
 16
 16
 16
 16
 16
 16
 16
 16
 16
 16
 16
 16
 16
 16
 16
 16
 16
 16
 16
 16
 16
 16
 16
 16
 16
 16
 16
 16
 16
 16
 16
 16
 16
 16
 16
 16
 16
 16
 16
 16
 16
 16
 16
 16
 16
 16
 16
 16
 16
 16
 16
 16
 16
 16
 16
 16
 16
 16
 16
 16
 16
 16
 16
 16
 16
 16
 16
 16
 16
 16
 16
 16
 16
 16
 16
 16
 16
 16
 16
 16
 16
 16
 16
 16
 16
 16
 16
 16
 16
 16
 16
 16
 16
 16
 16
 16
 16
 16
 16
 16
 16
 16
 16
 16
 16
 16
 16
 16
 16
 16
 16
 16
 16
 16
 16
 16
 16
 16
 16
 16
 16
 16
 16
 16
 16
 16
 16
 16
 16
 16
 16
 16
 16
 16
 16
 16
 16
 16
 16
 16
 16
 16
 16
 16
 16
 16
 16
 16
 16
 16
 16
 16
 16
 16
 16
 16
 16
 16
 16
 16
 16
 16
 16
 16
 16
 16
 16
 16
 16
 16
 16
 16
 16
 16
 16
 16
 16
 16
 16
 16
 16
 16
 16
 16
 16
 16
 16
 16
 16
 16
 16
 16
 16
 16
 16
 16
 16
 16
 16
 16
 16
 16
 39
 39
 39
 39
 39
 39
 39
 39
 39
 39
 39
 39
 39
 39
 39
 39
 39
 39
 39
 39
 39
 39
 39
 39
 39
 39
 39
 39
 39
 39
 39
 39
 39
 39
 39
 39
 39
 39
 39
 39
 39
 39
 39
 39
 39
 39
 39
 39
 39
 39
 39
 39
 39
 39
 39
 39
 39
 39
 39
 39
 39
 39
 39
 39
 39
 39
 39
 39
 39
 39
 39
 39
 39
 39
 39
 39
 39
 39
 39
 39
 39
 39
 39
 39
 39
 39
 39
 39
 39
 39
 39
 39
 39
 39
 39
 39
 39
 39
 39
 39
 39
 39
 39
 39
 39
 39
 39
 39
 39
 39
 39
 39
 39
 39
 39
 39
 39
 39
 39
 39
 39
 39
 39
 39
 39
 39
 39
 39
 39
 39
 39
 39
 39
 39
 39
 39
 39
 39
 39
 39
 39
 39
 39
 39
 39
 39
 39
 39
 39
 39
 39
 39
 39
 39
 39
 39
 39
 39
 39
 39
 39
 39
 39
 39
 39
 39
 39
 39
 39
 39
 39
 39
 39
 39
 39
 39
 39
 39
 39
 39
 39
 39
 39
 39
 39
 39
 39
 39
 39
 39
 39
 39
 39
 39
 39
 39
 39
 39
 39
 39
 39
 39
 39
 39
 39
 39
 39
 39
 39
 39
 39
 39
 39
 39
 39
 39
 39
 39
 39
 39
 39
 39
 39
 39
 39
 39
 39
 39
 39
 39
 39
 39
 39
 39
 39
 39
 39
 39
 39
 39
 39
 39
 39
 39
 39
 39
 39
 39
 39
 39
 39
 39
 39
 39
 39
 39
 39
 39
 39
 39
 39
 39
 39
 39
 39
 39
 39
 39
 39
 39
 39
 39
 39
 39
 39
 39
 39
 39
 39
 39
 39
 39
 39
 39
 39
 39
 39
 39
 39
 43
 43
 43
 43
 43
 43
 43
 43
 43
 43
 43
 43
 43
 43
 43
 43
 43
 43
 43
 43
 43
 43
 43
 43
 43
 43
 43
 43
 43
 43
 43
 43
 43
 43
 43
 43
 43
 43
 43
 43
 43
 43
 43
 43
 43
 43
 43
 43
 43
 43
 43
 43
 43
 43
 43
 43
 43
 43
 43
 43
 43
 43
 43
 43
 43
 43
 43
 43
 43
 43
 43
 43
 43
 43
 43
 43
 43
 43
 43
 43
 43
 43
 43
 43
 43
 43
 43
 43
 43
 43
 43
 43
 43
 43
 43
 43
 43
 43
 43
 43
 43
 43
 43
 43
 43
 43
 43
 43
 43
 43
 43
 43
 43
 43
 43
 43
 43
 43
 43
 43
 43
 43
 43
 43
 43
 43
 43
 43
 43
 43
 43
 43
 43
 43
 43
 43
 43
 43
 43
 43
 43
 43
 43
 43
 43
 43
 43
 43
 43
 43
 43
 43
 43
 43
 43
 43
 43
 43
 43
 43
 43
 43
 43
 43
 43
 43
 43
 43
 43
 43
 43
 43
 43
 43
 43
 43
 43
 43
 43
 43
 43
 43
 43
 43
 43
 43
 43
 43
 43
 43
 43
 43
 43
 43
 43
 43
 43
 43
 43
 43
 43
 43
 43
 43
 43
 43
 43
 43
 43
 43
 43
 43
 43
 43
 43
 43
 43
 43
 43
 43
 43
 43
 43
 43
 43
 43
 43
 43
 43
 43
 43
 43
 43
 43
 43
 43
 43
 43
 43
 43
 43
 43
 43
 43
 43
 43
 43
 43
 43
 43
 43
 43
 43
 43
 43
 43
 43
 43
 43
 43
 43
 43
 43
 43
 43
 43
 43
 43
 43
 43
 43
 43
 43
 43
 43
 43
 43
 43
 43
 43
 43
 43
 43
 43
 43
 43
 43
 43
 43
 19
 19
 19
 19
 19
 19
 19
 19
 19
 19
 19
 19
 19
 19
 19
 19
 19
 19
 19
 19
 19
 19
 19
 19
 19
 19
 19
 19
 19
 19
 19
 19
 19
 19
 19
 19
 19
 19
 19
 19
 19
 19
 19
 19
 19
 19
 19
 19
 19
 19
 19
 19
 19
 19
 19
 19
 19
 19
 19
 19
 19
 19
 19
 19
 19
 19
 19
 19
 19
 19
 19
 19
 19
 19
 19
 19
 19
 19
 19
 19
 19
 19
 19
 19
 19
 19
 19
 19
 19
 19
 19
 19
 19
 19
 19
 19
 19
 19
 19
 19
 19
 19
 19
 19
 19
 19
 19
 19
 19
 19
 19
 19
 19
 19
 19
 19
 19
 19
 19
 19
 19
 19
 19
 19
 19
 19
 19
 19
 19
 19
 19
 19
 19
 19
 19
 19
 19
 19
 19
 19
 19
 19
 19
 19
 19
 19
 19
 19
 19
 19
 19
 19
 19
 19
 19
 19
 19
 19
 19
 19
 19
 19
 19
 19
 19
 19
 19
 19
 19
 19
 19
 19
 19
 19
 19
 19
 19
 19
 19
 19
 19
 19
 19
 19
 19
 19
 19
 19
 19
 19
 19
 19
 19
 19
 19
 19
 19
 19
 19
 19
 19
 19
 19
 19
 19
 19
 19
 19
 19
 19
 19
 19
 19
 19
 19
 19
 19
 19
 19
 19
 19
 19
 19
 19
 19
 19
 19
 19
 19
 19
 19
 19
 19
 19
 19
 19
 19
 19
 19
 19
 19
 19
 19
 19
 19
 19
 19
 19
 19
 19
 19
 19
 19
 19
 19
 19
 19
 19
 19
 19
 19
 19
 19
 19
 19
 19
 19
 19
 19
 19
 19
 19
 19
 19
 19
 19
 19
 19
 19
 19
 19
 19
 19
 19
 19
 19
 19
 19
 19


# name: weights
# type: matrix
# rows: 17
# columns: 5
 -2.120307155285167 1.585930888196325 2.092801779382929 -0.6242413265757184 0.103735367274943
 -0.0002444883873106146 0.0006361835931009792 0.001419510729001342 -0.0005103265726217614 -0.00163007243943337
 0.001015742063757298 -0.001441482680109375 -0.001269073855769397 0.000369266117545577 0.0008741916611470859
 0.00155479190484511 -0.001075932157415006 -0.004136009687228305 0.002350576305706238 0.0008767711599219468
 0.0009050792607192465 -0.0006665417528454692 -0.001505258145995706 0.0007625188928072586 9.307169806564091e-05
 0.000457264569619682 0.0002174565728288565 -0.001710050318556275 0.001455662707339442 -0.000767162979064
 -0.0002899401838051069 -7.161071362421843e-05 0.0009720743531193981 -0.0006926642267235866 0.0001945707357933032
 0.003741894101831648 -0.003242443893807524 -0.004628222669563362 0.002812611262249822 -0.001367877184655539
 0.002405637662877044 0.002633775398963095 0.002104700818936426 -0.003461648066940426 -0.003989366681944312
 0.001821426731646425 0.0001132388228908501 0.0004696692124399065 -0.001316399113947452 -0.00187311131246293
 0.0003533493226890951 -0.003893578309537605 -0.001507492304997298 0.00195612851000207 0.001666919610372447
 0.0003834775073752626 0.0003375071461945357 0.004283363918547148 -0.001579678000300623 -0.005588923522414523
 0.003106995376018917 0.003018422120380976 -0.003086760369097405 -0.0006333396779979668 -0.001804025457383572
 -0.0008825838056148367 -0.001158040491257838 -0.000376949252019589 -0.0003179526104873675 0.003914463427229868
 -0.002371200789707106 -0.002386119856995752 -0.006888682957312132 0.007629561831279314 0.004311497060815399
 0.0005907823282310715 0.0004566471534233182 0.006649144117112031 -0.006544675763876192 -0.0009239971091483292
 -0.0003855714570733882 -0.0008338869581680231 -0.0003385758226340917 -0.00127462080322457 0.004431296050835492




